0 0.317549 0.319504 0.022157 0.021671
0 0.295784 0.376818 0.027647 0.025093
0 0.437451 0.391574 0.030588 0.017821
0 0.434216 0.438694 0.021373 0.022812
0 0.309510 0.458939 0.038235 0.021101
0 0.403725 0.466424 0.029020 0.014970
0 0.532353 0.467636 0.032157 0.021671
0 0.656569 0.515255 0.026078 0.022241
0 0.584020 0.553464 0.023725 0.023952
0 0.443922 0.555674 0.032941 0.017251
0 0.359314 0.594953 0.038235 0.021101
0 0.297157 0.652837 0.027647 0.021101
0 0.456078 0.664457 0.031373 0.027802
0 0.588333 0.659253 0.022941 0.025093
0 0.464608 0.717993 0.025294 0.021101