0 0.197549 0.418449 0.027647 0.026804
0 0.375000 0.227260 0.025686 0.021386
0 0.487157 0.209224 0.025686 0.028087
0 0.592745 0.261406 0.034902 0.028087
0 0.775686 0.371685 0.040392 0.026804
0 0.776667 0.514756 0.042353 0.024095
0 0.567157 0.480681 0.038627 0.028087
0 0.582745 0.558169 0.036863 0.030796
0 0.707745 0.726547 0.022157 0.025378
0 0.442157 0.552894 0.034902 0.030796
0 0.362157 0.596878 0.040392 0.022669
0 0.474216 0.703308 0.025686 0.026804
0 0.270098 0.679142 0.033137 0.037496
0 0.129412 0.664457 0.034902 0.024095
0 0.367549 0.830838 0.025686 0.020103