0 0.729118 0.868905 0.023333 0.018677
0 0.851961 0.888010 0.026275 0.033219
0 0.752549 0.691260 0.025490 0.014970
0 0.707843 0.726547 0.029412 0.025378
0 0.776765 0.451811 0.038627 0.029370
0 0.718824 0.341531 0.040392 0.036071
0 0.625980 0.266752 0.038627 0.033362
0 0.589118 0.169019 0.038627 0.022669
0 0.249902 0.161035 0.022157 0.022669
0 0.494412 0.401055 0.033137 0.029370
0 0.330000 0.470630 0.034902 0.029370
0 0.198529 0.413102 0.033137 0.032079
0 0.118431 0.473268 0.023922 0.024095
0 0.136863 0.665811 0.034902 0.029370
0 0.327157 0.766681 0.033137 0.028087
0 0.104706 0.964500 0.047843 0.033362