0 0.548431 0.719133 0.027451 0.017394
0 0.476176 0.647847 0.020196 0.014827
0 0.780490 0.453165 0.038627 0.032079
0 0.726176 0.865697 0.051569 0.030796
0 0.669608 0.545195 0.038431 0.024808
0 0.638627 0.560950 0.037647 0.022954
0 0.713824 0.393071 0.025294 0.032506
0 0.653922 0.400413 0.033333 0.020388
0 0.630392 0.435700 0.049020 0.019675
0 0.503039 0.398489 0.042941 0.030510
0 0.490686 0.496578 0.020196 0.024237
0 0.436471 0.347234 0.030588 0.031223
0 0.387843 0.592957 0.026275 0.022241
0 0.324314 0.771243 0.037647 0.037496
0 0.127059 0.669233 0.025490 0.020816
0 0.116863 0.473553 0.033725 0.027516
0 0.199216 0.422655 0.038824 0.031223
0 0.414020 0.135586 0.031569 0.018534