0 0.691275 0.172512 0.044118 0.034788
0 0.587059 0.226333 0.036863 0.034360
0 0.714412 0.400556 0.039412 0.037211
0 0.767451 0.496151 0.045882 0.029655
0 0.571961 0.417736 0.030196 0.029655
0 0.647451 0.519532 0.036863 0.019105
0 0.678333 0.610208 0.027647 0.024808
0 0.691471 0.655974 0.027647 0.019105
0 0.581078 0.686128 0.027647 0.023810
0 0.544314 0.716638 0.038039 0.018107
0 0.487157 0.651269 0.039412 0.026804
0 0.445098 0.683276 0.041961 0.020103
0 0.370980 0.642715 0.030196 0.026804
0 0.302059 0.648845 0.031569 0.021956
0 0.129902 0.491802 0.039412 0.022954
0 0.292157 0.359567 0.030196 0.021956
0 0.384118 0.383447 0.030196 0.018107
0 0.476078 0.292700 0.040784 0.021956