0 0.583725 0.229184 0.021961 0.013259
0 0.688431 0.177074 0.042353 0.025378
0 0.482157 0.294482 0.030588 0.025806
0 0.713333 0.395210 0.027059 0.022241
0 0.759216 0.493370 0.030588 0.024095
0 0.574902 0.419376 0.027059 0.025806
0 0.572255 0.497790 0.024510 0.018677
0 0.735392 0.521457 0.034314 0.024950
0 0.459706 0.447391 0.022157 0.019675
0 0.339510 0.454591 0.022157 0.023239
0 0.319314 0.457656 0.023333 0.022241
0 0.121275 0.488808 0.041765 0.018677
0 0.295980 0.567793 0.025686 0.024950
0 0.253627 0.593100 0.022157 0.020530
0 0.373824 0.544055 0.024510 0.022241
0 0.439902 0.553037 0.024510 0.015113
0 0.424020 0.567722 0.034314 0.019675
0 0.472353 0.606501 0.020784 0.022241
0 0.385490 0.645281 0.030588 0.019675
0 0.565588 0.620331 0.023333 0.021386
0 0.452353 0.684132 0.046667 0.024095
0 0.701667 0.683134 0.023333 0.018677