0 0.697745 0.678928 0.026863 0.017109
0 0.590882 0.803464 0.041765 0.025806
0 0.413529 0.929070 0.040392 0.018677
0 0.225392 0.875250 0.034314 0.026804
0 0.127451 0.842315 0.027059 0.026804
0 0.112157 0.906900 0.028235 0.020530
0 0.390392 0.709866 0.028235 0.027659
0 0.440588 0.607927 0.028235 0.019675
0 0.259902 0.595737 0.031961 0.018677
0 0.278137 0.558882 0.024510 0.019675
0 0.124314 0.487953 0.030588 0.016966
0 0.324216 0.539279 0.033137 0.024950
0 0.457157 0.536071 0.034314 0.020530
0 0.351176 0.478971 0.038039 0.025806
0 0.336961 0.454520 0.022157 0.028514
0 0.311961 0.456302 0.028235 0.017821
0 0.459608 0.447462 0.027059 0.016111
0 0.767353 0.491945 0.041765 0.030368
0 0.820588 0.393926 0.030588 0.021386
0 0.772157 0.305746 0.029412 0.023239
0 0.479804 0.292273 0.028235 0.028514
0 0.672255 0.240234 0.035490 0.027659
0 0.849412 0.184132 0.039216 0.031223
0 0.696863 0.169803 0.038039 0.022241
0 0.583431 0.225549 0.024510 0.026804
0 0.150686 0.151483 0.041765 0.024950