0 0.583854 0.229161 0.022031 0.013242
0 0.688459 0.177139 0.042288 0.025401
0 0.482262 0.294563 0.030644 0.025847
0 0.713317 0.395276 0.026967 0.022282
0 0.759282 0.493316 0.030644 0.024064
0 0.574807 0.419340 0.026967 0.025847
0 0.572355 0.497772 0.024515 0.018717
0 0.735380 0.521390 0.034321 0.024955
0 0.459586 0.447415 0.022064 0.019608
0 0.339462 0.454545 0.022064 0.023173
0 0.319237 0.457665 0.023289 0.022282
0 0.121278 0.488859 0.041676 0.018717
0 0.295948 0.567736 0.025741 0.024955
0 0.253659 0.593137 0.022064 0.020499
0 0.373783 0.544118 0.024515 0.022282
0 0.439974 0.553030 0.024515 0.015152
0 0.424039 0.567736 0.034321 0.019608
0 0.472456 0.606506 0.020838 0.022282
0 0.385428 0.645276 0.030644 0.019608
0 0.565613 0.620321 0.023289 0.021390
0 0.452231 0.684046 0.046579 0.024064
0 0.701672 0.683155 0.023289 0.018717