0 0.317502 0.319463 0.022217 0.021725
0 0.295668 0.376838 0.027579 0.025067
0 0.437396 0.391600 0.030644 0.017825
0 0.434331 0.438670 0.021451 0.022839
0 0.309458 0.459002 0.038305 0.021168
0 0.403688 0.466522 0.029112 0.015040
0 0.532392 0.467636 0.032176 0.021725
0 0.656499 0.515263 0.026047 0.022282
0 0.584103 0.553420 0.023749 0.023953
0 0.443908 0.555648 0.032942 0.017268
0 0.359254 0.594920 0.038305 0.021168
0 0.297200 0.652852 0.027579 0.021168
0 0.456165 0.664550 0.031410 0.027852
0 0.588317 0.659258 0.022983 0.025067
0 0.464592 0.718026 0.025281 0.021168