0 0.197546 0.418449 0.027579 0.026738
0 0.374973 0.227273 0.025741 0.021390
0 0.487130 0.209225 0.025741 0.028075
0 0.592851 0.261364 0.034934 0.028075
0 0.775794 0.371658 0.040450 0.026738
0 0.776714 0.514706 0.042288 0.024064
0 0.567110 0.480615 0.038611 0.028075
0 0.582738 0.558155 0.036773 0.030749
0 0.707765 0.726604 0.022064 0.025401
0 0.442083 0.552807 0.034934 0.030749
0 0.362103 0.596925 0.040450 0.022727
0 0.474259 0.703209 0.025741 0.026738
0 0.270171 0.679144 0.033095 0.037433
0 0.129516 0.664439 0.034934 0.024064
0 0.367619 0.830882 0.025741 0.020053