0 0.729096 0.868941 0.023364 0.018624
0 0.851914 0.888076 0.026205 0.033226
0 0.752539 0.691325 0.025535 0.014995
0 0.707765 0.726604 0.029418 0.025401
0 0.776714 0.451872 0.038611 0.029412
0 0.718797 0.341578 0.040450 0.036096
0 0.625946 0.266711 0.038611 0.033422
0 0.589173 0.169118 0.038611 0.022727
0 0.249947 0.161096 0.022064 0.022727
0 0.494484 0.401070 0.033095 0.029412
0 0.329927 0.470588 0.034934 0.029412
0 0.198465 0.413102 0.033095 0.032086
0 0.118485 0.473262 0.023902 0.024064
0 0.136871 0.665775 0.034934 0.029412
0 0.327169 0.766711 0.033095 0.028075
0 0.104695 0.964572 0.047804 0.033422