0 0.548403 0.719077 0.027483 0.017334
0 0.476263 0.647788 0.020189 0.014794
0 0.780391 0.453209 0.038611 0.032086
0 0.726151 0.865642 0.051482 0.030749
0 0.669735 0.545264 0.038524 0.024828
0 0.638654 0.560861 0.037648 0.022918
0 0.713950 0.393112 0.025391 0.032468
0 0.653975 0.400433 0.033270 0.020372
0 0.630336 0.435765 0.049030 0.019735
0 0.502945 0.398523 0.042901 0.030558
0 0.490688 0.496562 0.020137 0.024191
0 0.436404 0.347275 0.030644 0.031194
0 0.387812 0.593010 0.026266 0.022282
0 0.324336 0.771263 0.037648 0.037560
0 0.127112 0.669192 0.025537 0.020796
0 0.116898 0.473485 0.033708 0.027481
0 0.199125 0.422608 0.038815 0.031194
0 0.414143 0.135547 0.031665 0.018568