0 0.691217 0.172460 0.044127 0.034759
0 0.586971 0.226318 0.036773 0.034377
0 0.714362 0.400592 0.039399 0.037242
0 0.767551 0.496085 0.045966 0.029603
0 0.571868 0.417781 0.030206 0.029603
0 0.647383 0.519481 0.036773 0.019099
0 0.678246 0.610199 0.027579 0.024828
0 0.691379 0.656035 0.027579 0.019099
0 0.581062 0.686115 0.027579 0.023873
0 0.544289 0.716673 0.038086 0.018144
0 0.487160 0.651261 0.039399 0.026738
0 0.445134 0.683251 0.042026 0.020053
0 0.370933 0.642666 0.030206 0.026738
0 0.301984 0.648873 0.031519 0.021963
0 0.129941 0.491788 0.039399 0.022918
0 0.292134 0.359530 0.030206 0.021963
0 0.384066 0.383403 0.030206 0.018144
0 0.475997 0.292685 0.040712 0.021963