0 0.697690 0.678929 0.026892 0.017120
0 0.590741 0.803476 0.041676 0.025847
0 0.413620 0.929144 0.040450 0.018717
0 0.225467 0.875223 0.034321 0.026738
0 0.127407 0.842246 0.026967 0.026738
0 0.112085 0.906863 0.028192 0.020499
0 0.390331 0.709893 0.028192 0.027629
0 0.440587 0.607843 0.028192 0.019608
0 0.259788 0.595811 0.031870 0.018717
0 0.278174 0.558824 0.024515 0.019608
0 0.124343 0.487968 0.030644 0.016934
0 0.324140 0.539216 0.033095 0.024955
0 0.457134 0.536096 0.034321 0.020499
0 0.351107 0.479055 0.037998 0.025847
0 0.337011 0.454545 0.022064 0.028520
0 0.311883 0.456328 0.028192 0.017825
0 0.459586 0.447415 0.026967 0.016043
0 0.767250 0.491979 0.041676 0.030303
0 0.820570 0.393939 0.030644 0.021390
0 0.772153 0.305704 0.029418 0.023173
0 0.479811 0.292335 0.028192 0.028520
0 0.672254 0.240196 0.035547 0.027629
0 0.849375 0.184046 0.039224 0.031194
0 0.696769 0.169786 0.037998 0.022282
0 0.583387 0.225490 0.024515 0.026738
0 0.150696 0.151515 0.041676 0.024955